0 0.15454545454545454 0.26419213973799127 0.06363636363636363 0.4148471615720524
0 0.22727272727272727 0.665938864628821 0.06363636363636363 0.4672489082969432
0 0.7227272727272728 0.2794759825327511 0.045454545454545456 0.38427947598253276
0 0.37272727272727274 0.6943231441048034 0.05454545454545454 0.4104803493449782
0 0.42954545454545456 0.29912663755458513 0.04090909090909091 0.34497816593886466
0 0.30454545454545456 0.26419213973799127 0.06363636363636363 0.4148471615720524
0 0.5159090909090909 0.665938864628821 0.05 0.4672489082969432
0 0.8431818181818181 0.32096069868995636 0.05 0.31004366812227074
0 0.7863636363636364 0.6637554585152838 0.045454545454545456 0.47161572052401746
0 0.9204545454545454 0.6681222707423581 0.08636363636363636 0.48034934497816595
0 0.5772727272727273 0.2816593886462882 0.045454545454545456 0.388646288209607
0 0.6522727272727272 0.6724890829694323 0.04090909090909091 0.462882096069869
0 0.07954545454545454 0.7030567685589519 0.10454545454545454 0.4017467248908297