0 0.1087962962962963 0.10515021459227468 0.18981481481481483 0.1759656652360515
0 0.375 0.8218884120171673 0.18518518518518517 0.1759656652360515
0 0.8773148148148148 0.10515021459227468 0.18055555555555555 0.1759656652360515
0 0.11574074074074074 0.34334763948497854 0.2037037037037037 0.18025751072961374
0 0.3726851851851852 0.10300429184549356 0.18055555555555555 0.17167381974248927
0 0.6273148148148148 0.8218884120171673 0.18981481481481483 0.1759656652360515
0 0.1087962962962963 0.8218884120171673 0.18981481481481483 0.1759656652360515
0 0.6273148148148148 0.1072961373390558 0.1712962962962963 0.18025751072961374
0 0.4976851851851852 0.4613733905579399 0.38425925925925924 0.37339055793991416
0 0.10185185185185185 0.575107296137339 0.17592592592592593 0.1888412017167382
0 0.8865740740740741 0.8197424892703863 0.16203703703703703 0.18025751072961374
0 0.8842592592592593 0.34120171673819744 0.16666666666666666 0.1759656652360515
0 0.8796296296296297 0.5858369098712446 0.17592592592592593 0.16738197424892703