0 0.2807377049180328 0.8115942028985508 0.4139344262295082 0.057971014492753624
0 0.7868852459016393 0.9178743961352657 0.30327868852459017 0.057971014492753624
0 0.735655737704918 0.391304347826087 0.4057377049180328 0.057971014492753624
0 0.7889344262295082 0.8140096618357487 0.29918032786885246 0.05314009661835749
0 0.29713114754098363 0.2898550724637681 0.38114754098360654 0.08695652173913043
0 0.7459016393442623 0.07971014492753623 0.38524590163934425 0.043478260869565216
0 0.735655737704918 0.18115942028985507 0.4057377049180328 0.05314009661835749
0 0.2827868852459016 0.9227053140096618 0.38524590163934425 0.03864734299516908
0 0.26434426229508196 0.5652173913043478 0.44672131147540983 0.08695652173913043
0 0.2848360655737705 0.13285024154589373 0.3975409836065574 0.12077294685990338
0 0.29098360655737704 0.427536231884058 0.39344262295081966 0.09178743961352658
0 0.7622950819672131 0.5 0.3524590163934426 0.05314009661835749
0 0.2827868852459016 0.6980676328502415 0.4262295081967213 0.07246376811594203
0 0.7418032786885246 0.28743961352657005 0.39344262295081966 0.05314009661835749